0000   27 03 04 00 19 00 78 05 e4 09 00 00 00 00 a0 40
0010   d4 70 55 40 04 88 09 00 00 a0 a0 a0 a0 00 00 00
0020   00 00 00 00 00 00 00 00 00 00 00 00 00 00 00 00
0030   00 00 00 00 00 00 00 00 00 00 00 00 00 00 00 00
0040   00 00 00 00 00 00 00 00 00 00 00 00 00 00 00 00
0050   00 00 00 00 00 00 00 00 00 00 00 00 00 00 00 00
0060   00 00 00 02 02 02 02 06 06 06 06 09 09 09 09 08
0070   08 08 08 04 04 04 04 00 00 00 00 00 00 00 00 00
0080   00 00 00 05 05 05 05 05 06 06 06 06 04 04 04 04
0090   00 00 00 00 00 00 00 00 00 00 00 00 00 00 00 00
00a0   00 00 00 00 00 00 00 00 00 00 00 00 00 00 00 00
00b0   00 00 00 00 00 00 00 00 00 00 00 00 00 00 00 00
00c0   00 00 00 00 00 00 00 00 00 00 00 00 00 00 00 00
00d0   00 00 00 00 00 03 03 03 03 03 03 03 03 03 03 03
00e0   03 03 00 00 00 00 00 00 00 00 00 00 00 00 01 01
00f0   01 01 02 02 02 02 00 00 00 00 00 00 00 00 00 00
0100   00 00 00 00 00 00 00 00 00 00 00 00 00 00 00 00
0110   00 00 00 00 00 00 00 00 00 00 00 00 00 00 00 00
0120   00 00 00 00 00 00 00 00 00 00 00 00 00 00 00 00
0130   00 00 00 00 00 00 00 00 00 00 00 00 00 00 00 00
0140   00 00 00 00 00 00 00 00 00 00 00 00 00 00 00 00
0150   00 00 00 00 00 00 00 00 00 00 00 00 00 00 00 00
0160   00 00 00 00 00 00 00 00 00 00 00 00 00 00 00 00
0170   00 01 01 01 01 00 00 00 00 00 00 00 00 00 00 00
0180   00 00 00 00 00 00 00 00 00 00 00 00 00 00 00 00
0190   00 00 00 00 00 00 00 00 00 00 00 00 00 00 00 00
01a0   00 00 00 00 00 00 00 00 00 00 00 00 00 00 00 00
01b0   00 00 00 00 00 00 00 00 00 00 00 00 00 00 00 00
01c0   00 00 00 00 00 00 00 00 00 00 00 00 00 00 00 00
01d0   00 00 00 00 00 00 00 00 00 00 00 00 00 00 00 00
01e0   00 00 00 00 00 00 00 00 00 00 00 00 00 00 00 00
01f0   00 00 00 00 00 00 00 00 00 00 00 00 00 00 00 00
0200   00 00 00 00 00 00 00 00 00 00 00 00 00 00 00 00
0210   00 00 00 00 00 00 00 00 00 00 00 00 00 00 00 00
0220   00 00 00 00 00 00 00 00 00 00 00 00 00 00 00 00
0230   00 00 00 00 00 00 00 00 00 00 00 00 00 00 00 00
0240   00 00 00 00 00 00 00 00 00 00 00 00 00 00 00 00
0250   00 00 00 00 00 00 00 00 00 00 00 00 00 00 02 02
0260   02 02 02 02 02 02 02 02 02 02 02 03 03 03 03 05
0270   05 05 05 06 06 06 06 04 04 04 04 00 00 00 00 00
0280   00 00 00 00 00 00 00 00 00 00 00 00 00 00 00 00
0290   00 00 00 00 00 00 00 00 00 00 00 00 00 00 00 00
02a0   00 00 00 00 00 00 00 00 00 00 00 00 00 00 00 00
02b0   01 01 01 01 01 01 01 01 01 00 00 00 00 00 00 00
02c0   00 00 00 00 00 00 00 00 00 00 00 00 00 00 00 00
02d0   00 00 00 00 00 00 00 00 00 00 00 00 00 00 00 00
02e0   00 00 00 00 00 00 00 00 00 00 00 00 00 00 00 00
02f0   00 00 00 00 00 00 00 00 00 00 00 00 00 00 00 00
0300   00 00 00 00 00 00 00 00 00 00 00 00 00 00 00 00
0310   00 00 00 00 00 00 00 00 00 00 00 00 00 00 00 00
0320   00 00 00 00 00 00 00 00 00 00 00 00 00 00 00 00
0330   00 00 00 00 00 00 00 00 00 00 00 00 00 00 00 00
0340   02 02 02 02 06 06 06 06 07 07 07 07 07 07 07 07
0350   04 04 04 04 00 00 00 00 00 00 00 00 00 00 00 00
0360   00 00 00 00 00 00 00 00 00 00 00 00 00 00 00 00
0370   00 00 00 00 00 00 00 00 00 00 00 00 00 00 00 00
0380   00 00 00 00 00 00 00 00 00 00 00 00 00 00 00 00
0390   00 00 00 00 00 00 00 00 00 00 01 01 01 01 03 03
03a0   03 03 03 03 03 03 02 02 02 02 03 03 03 03 04 04
03b0   04 04 07 07 07 07 09 09 09 09 09 07 07 07 07 00
03c0   00 00 00 00 00 00 00 00 00 00 00 00 00 00 00 00
03d0   00 00 00 00 00 00 00 00 00 00 00 00 00 00 00 00
03e0   00 00 00 00 00 00 00 00 00 00 00 00 00 00 00 00
03f0   00 00 00 00 00 00 00 00 00 00 00 00 00 00 00 00
0400   00 00 00 00 00 00 00 00 00 00 00 00 00 00 00 00
0410   00 00 00 00 00 00 00 00 00 00 00 00 00 00 00 00
0420   00 00 00 00 00 00 00 00 00 00 00 00 00 00 00 00
0430   00 00 00 00 00 03 03 03 03 03 06 06 06 06 04 04
0440   04 04 00 00 00 00 00 00 00 00 00 00 00 00 00 00
0450   00 00 00 00 00 00 00 00 00 00 00 00 00 00 00 00
0460   00 00 00 00 00 00 00 00 00 00 00 00 00 00 00 00
0470   00 00 00 00 00 00 00 00 00 00 00 00 00 00 00 00
0480   00 00 00 00 00 00 00 02 02 02 02 05 05 05 05 05
0490   06 06 06 06 02 02 02 02 00 00 00 00 00 00 00 00
04a0   00 00 00 00 00 00 00 00 00 00 00 00 00 00 00 00
04b0   00 00 00 00 00 00 00 00 00 00 00 00 00 00 00 00
04c0   00 00 00 00 00 00 00 00 00 00 00 00 00 00 00 00
04d0   00 00 00 00 00 00 00 00 00 00 00 00 00 00 00 00
04e0   00 00 00 00 00 00 00 00 00 00 00 00 00 00 00 00
04f0   00 00 00 00 00 00 00 00 00 00 00 00 00 00 00 00
0500   00 00 00 00 00 00 00 00 00 00 00 00 00 00 01 01
0510   01 01 01 03 03 03 03 03 03 03 03 00 00 00 00 00
0520   00 00 00 00 00 00 00 00 00 00 00 00 00 00 00 00
0530   00 00 00 00 00 00 00 00 00 00 00 00 00 00 00 00
0540   00 00 00 00 00 00 00 00 00 00 00 00 00 00 00 00
0550   00 00 00 00 00 00 00 00 00 00 00 00 00 00 00 00
0560   00 00 00 00 01 01 01 01 01 02 02 02 02 00 00 00
0570   00 00 00 00 00 00 00 00 00 00 00 00 00 00 00 00
0580   00 00 00 00 00 00 00 00 00 00 00 00 00 00 00 00
0590   00
