18 02 66 0e 00 44 80 00    74 07 00 80 70 0c 44 e0
00 00 00 80 00 00 00 a0    00 00 00 00 00 00 00 00
00 00 00 00 00 00 00 00    00 00 00 00 00 00 00 00
00 00 00 00 00 00 00 00    00 00 00 00 00 00 00 00
00 00 00 00 00 00 00 00    00 00 00 00 00 00 00 00
00 00 00 00 00 00 00 00    00 00 00 00 00 00 00 00
00 00 00 00 00 00 00 00    00 00 00 00 00 00 00 00
00 00 00 00 00 00 00 00    00 00 00 00 00 00 00 00
00 00 00 00 00 00 00 00    00 00 00 00 00 00 00 00
00 00 00 00 00 00 00 00    00 00 00 00 00 00 00 00
00 00 00 00 00 00 00 00    00 00 00 00 00 00 00 00
00 00 00 00 00 00 00 00    00 00 00 00 00 00 00 00
00 00 00 00 00 00 00 00    00 00 00 00 00 00 00 00
00 00 00 00 00 00 00 00    00 00 00 00 00 00 00 00
00 00 00 00 00 00 00 00    00 00 00 00 00 00 00 00
00 00 00 00 00 00 00 00    00 00 00 00 00 00 00 00
00 00 00 00 00 00 00 00    00 00 00 00 00 00 00 00
00 00 00 00 00 00 00 00    00 00 00 00 00 00 00 00
00 00 00 00 00 00 00 00    00 00 00 00 00 00 00 00
00 00 00 00 00 00 00 00    00 00 00 00 00 00 00 00
00 00 00 00 00 00 00 00    00 00 00 00 00 00 00 00
00 00 00 00 00 00 00 00    00 00 00 00 00 00 00 00
00 00 00 00 00 00 00 00    00 00 00 00 00 00 00 00
00 00 00 00 00 00 00 00    00 00 00 00 00 00 00 00
00 00 00 00 00 00 00 00    00 00 00 00 00 00 00 00
00 00 00 00 00 00 00 00    00 00 00 00 00 00 00 00
00 00 00 00 00 00 00 00    00 00 00 00 00 00 00 00
00 00 00 00 00 00 00 00    00 00 00 00 00 00 00 00
00 00 00 00 00 00 00 00    00 00 00 00 00 00 00 00
00 00 00 00 00 00 00 00    00 00 00 00 00 00 00 00
00 00 00 00 00 00 00 00    00 00 00 00 00 00 00 00
00 00 00 00 00 00 00 00    00 00 00 00 00 00 00 00
00 00 00 00 00 00 00 00    00 00 00 00 00 00 00 00
00 00 00 00 00 00 00 00    18 02 67 0e 00 44 80 00
76 07 00 80 70 0c 44 e0    00 00 00 80 00 00 00 a0
00 00 00 00 00 00 00 00    00 00 00 00 00 00 00 00
00 00 00 00 00 00 00 00    00 00 00 00 00 00 00 00
00 00 00 00 00 00 00 00    00 00 00 00 00 00 00 00
00 00 00 00 00 00 00 00    00 00 00 00 00 00 00 00
00 00 00 00 00 00 00 00    00 00 00 00 00 00 00 00
00 00 00 00 00 00 00 00    00 00 00 00 00 00 00 00
00 00 00 00 00 00 00 00    00 00 00 00 00 00 00 00
00 00 00 00 00 00 00 00    00 00 00 00 00 00 00 00
00 00 00 00 00 00 00 00    00 00 00 00 00 00 00 00
00 00 00 00 00 00 00 00    00 00 00 00 00 00 00 00
00 00 00 00 00 00 00 00    00 00 00 00 00 00 00 00
00 00 00 00 00 00 00 00    00 00 00 00 00 00 00 00
00 00 00 00 00 00 00 00    00 00 00 00 00 00 00 00
00 00 00 00 00 00 00 00    00 00 00 00 00 00 00 00
00 00 00 00 00 00 00 00    00 00 00 00 00 00 00 00
00 00 00 00 00 00 00 00    00 00 00 00 00 00 00 00
00 00 00 00 00 00 00 00    00 00 00 00 00 00 00 00
00 00 00 00 00 00 00 00    00 00 00 00 00 00 00 00
00 00 00 00 00 00 00 00    00 00 00 00 00 00 00 00
00 00 00 00 00 00 00 00    00 00 00 00 00 00 00 00
00 00 00 00 00 00 00 00    00 00 00 00 00 00 00 00
00 00 00 00 00 00 00 00    00 00 00 00 00 00 00 00
00 00 00 00 00 00 00 00    00 00 00 00 00 00 00 00
00 00 00 00 00 00 00 00    00 00 00 00 00 00 00 00
00 00 00 00 00 00 00 00    00 00 00 00 00 00 00 00
00 00 00 00 00 00 00 00    00 00 00 00 00 00 00 00
00 00 00 00 00 00 00 00    00 00 00 00 00 00 00 00
00 00 00 00 00 00 00 00    00 00 00 00 00 00 00 00
00 00 00 00 00 00 00 00    00 00 00 00 00 00 00 00
00 00 00 00 00 00 00 00    00 00 00 00 00 00 00 00
00 00 00 00 00 00 00 00    00 00 00 00 00 00 00 00
00 00 00 00 00 00 00 00    00 00 00 00 00 00 00 00
18 02 68 0e 00 44 80 00    78 07 00 80 70 0c 44 e0
00 00 00 80 00 00 00 a0    00 00 00 00 00 00 00 00
00 00 00 00 00 00 00 00    00 00 00 00 00 00 00 00
00 00 00 00 00 00 00 00    00 00 00 00 00 00 00 00
00 00 00 00 00 00 00 00    00 00 00 00 00 00 00 00
00 00 00 00 00 00 00 00    00 00 00 00 00 00 00 00
00 00 00 00 00 00 00 00    00 00 00 00 00 00 00 00
00 00 00 00 00 00 00 00    00 00 00 00 00 00 00 00
00 00 00 00 00 00 00 00    00 00 00 00 00 00 00 00
00 00 00 00 00 00 00 00    00 00 00 00 00 00 00 00
00 00 00 00 00 00 00 00    00 00 00 00 00 00 00 00
00 00 00 00 00 00 00 00    00 00 00 00 00 00 00 00
00 00 00 00 00 00 00 00    00 00 00 00 00 00 00 00
00 00 00 00 00 00 00 00    00 00 00 00 00 00 00 00
00 00 00 00 00 00 00 00    00 00 00 00 00 00 00 00
00 00 00 00 00 00 00 00    00 00 00 00 00 00 00 00
00 00 00 00 00 00 00 00    00 00 00 00 00 00 00 00
00 00 00 00 00 00 00 00    00 00 00 00 00 00 00 00
00 00 00 00 00 00 00 00    00 00 00 00 00 00 00 00
00 00 00 00 00 00 00 00    00 00 00 00 00 00 00 00
00 00 00 00 00 00 00 00    00 00 00 00 00 00 00 00
00 00 00 00 00 00 00 00    00 00 00 00 00 00 00 00
00 00 00 00 00 00 00 00    00 00 00 00 00 00 00 00
00 00 00 00 00 00 00 00    00 00 00 00 00 00 00 00
00 00 00 00 00 00 00 00
